x:0.119557459
y:0.133589532
z:0.609605911
